30P-30N Flap (MDA)
1.1283070 -0.1457990
1.1279750 -0.1455210
1.1275950 -0.1453130
1.1272100 -0.1450610
1.1268250 -0.1447460
1.1264190 -0.1443940
1.1259710 -0.1440310
1.1254940 -0.1436360
1.1249910 -0.1431990
1.1244520 -0.1427260
1.1238730 -0.1422170
1.1232480 -0.1416730
1.1225740 -0.1410890
1.1218470 -0.1404640
1.1210640 -0.1397930
1.1202200 -0.1390730
1.1193110 -0.1383010
1.1183290 -0.1374740
1.1172700 -0.1365900
1.1161270 -0.1356430
1.1148940 -0.1346310
1.1135620 -0.1335480
1.1121210 -0.1323930
1.1105650 -0.1311600
1.1088840 -0.1298430
1.1070700 -0.1284340
1.1051120 -0.1269280
1.1029990 -0.1253180
1.1007160 -0.1236000
1.0982510 -0.1217660
1.0955880 -0.1198080
1.0927180 -0.1177110
1.0896240 -0.1154660
1.0862830 -0.1130700
1.0826710 -0.1105190
1.0787630 -0.1078100
1.0745340 -0.1049340
1.0699530 -0.1018880
1.0649800 -0.0986830
1.0595920 -0.0953000
1.0537470 -0.0917410
1.0474020 -0.0880120
1.0405160 -0.0841080
1.0330570 -0.0800050
1.0249920 -0.0756720
1.0162370 -0.0711640
1.0067650 -0.0664270
0.9978300 -0.0620940
0.9893810 -0.0581800
0.9814280 -0.0545760
0.9739280 -0.0512920
0.9668810 -0.0482460
0.9602570 -0.0454280
0.9540160 -0.0428550
0.9481480 -0.0404850
0.9426370 -0.0382820
0.9374610 -0.0362360
0.9325910 -0.0343620
0.9280160 -0.0326250
0.9237230 -0.0310060
0.9196930 -0.0295000
0.9159090 -0.0281010
0.9123540 -0.0268090
0.9090170 -0.0256070
0.9058900 -0.0244720
0.9029620 -0.0233990
0.9002240 -0.0223720
0.8976630 -0.0213900
0.8952810 -0.0204250
0.8930720 -0.0194570
0.8910150 -0.0185190
0.8891390 -0.0175300
0.8874310 -0.0165150
0.8858670 -0.0155000
0.8844260 -0.0145090
0.8831390 -0.0134960
0.8819800 -0.0124870
0.8809290 -0.0115000
0.8799770 -0.0105410
0.8791160 -0.0096120
0.8783390 -0.0087130
0.8776330 -0.0078510
0.8769890 -0.0070280
0.8764060 -0.0062420
0.8758780 -0.0054890
0.8754000 -0.0047730
0.8749350 -0.0040480
0.8744800 -0.0032990
0.8740370 -0.0025250
0.8736110 -0.0017230
0.8732090 -0.0008920
0.8728340 -0.0000300
0.8724860 0.0008620
0.8721830 0.0017860
0.8719240 0.0027440
0.8717160 0.0037310
0.8715810 0.0047470
0.8715100 0.0057550
0.8715330 0.0067490
0.8715940 0.0077240
0.8717280 0.0086780
0.8719020 0.0096090
0.8721220 0.0105160
0.8723900 0.0113930
0.8727130 0.0122380
0.8730900 0.0130410
0.8735270 0.0138020
0.8740000 0.0145220
0.8745150 0.0152110
0.8750890 0.0158930
0.8757090 0.0165670
0.8763870 0.0172280
0.8771230 0.0178690
0.8779210 0.0184820
0.8787850 0.0190600
0.8797130 0.0195960
0.8807030 0.0200880
0.8817540 0.0205320
0.8828660 0.0209220
0.8840330 0.0212570
0.8852540 0.0215330
0.8865290 0.0217500
0.8878520 0.0219180
0.8892240 0.0220250
0.8906420 0.0220770
0.8921070 0.0220940
0.8936180 0.0220590
0.8951750 0.0219820
0.8967780 0.0218540
0.8984280 0.0216760
0.9001260 0.0214510
0.9018710 0.0211800
0.9036650 0.0208600
0.9055090 0.0204890
0.9074030 0.0200680
0.9093480 0.0195970
0.9113450 0.0190730
0.9133970 0.0185000
0.9155050 0.0178740
0.9176680 0.0171940
0.9198890 0.0164580
0.9221690 0.0156650
0.9245120 0.0148180
0.9269180 0.0139170
0.9293890 0.0129560
0.9319250 0.0119300
0.9345270 0.0108370
0.9371970 0.0096780
0.9399390 0.0084500
0.9427520 0.0071490
0.9456370 0.0057690
0.9485950 0.0043090
0.9516300 0.0027670
0.9547420 0.0011400
0.9579360 -0.0005710
0.9612150 -0.0023660
0.9645820 -0.0042480
0.9680360 -0.0062230
0.9715790 -0.0082970
0.9752130 -0.0104720
0.9789390 -0.0127570
0.9827610 -0.0151490
0.9866810 -0.0176540
0.9907010 -0.0202750
0.9948210 -0.0230220
0.9990430 -0.0258980
1.0033660 -0.0289120
1.0077880 -0.0320780
1.0123070 -0.0354030
1.0169380 -0.0388760
1.0216820 -0.0425040
1.0262170 -0.0460480
1.0305680 -0.0494860
1.0347500 -0.0528140
1.0387690 -0.0560340
1.0426330 -0.0591480
1.0463430 -0.0621660
1.0499070 -0.0650860
1.0533380 -0.0679060
1.0566360 -0.0706320
1.0597980 -0.0732800
1.0628290 -0.0758500
1.0657400 -0.0783380
1.0685350 -0.0807460
1.0712180 -0.0830790
1.0737940 -0.0853400
1.0762670 -0.0875280
1.0786450 -0.0896410
1.0809340 -0.0916810
1.0831340 -0.0936540
1.0852450 -0.0955650
1.0872720 -0.0974140
1.0892170 -0.0992050
1.0910810 -0.1009420
1.0928670 -0.1026270
1.0945820 -0.1042570
1.0962290 -0.1058330
1.0978120 -0.1073570
1.0993320 -0.1088300
1.1007930 -0.1102550
1.1021970 -0.1116310
1.1035460 -0.1129600
1.1048430 -0.1142450
1.1060890 -0.1154870
1.1072850 -0.1166880
1.1084380 -0.1178460
1.1095490 -0.1189610
1.1106210 -0.1200350
1.1116550 -0.1210680
1.1126500 -0.1220650
1.1136090 -0.1230260
1.1145320 -0.1239530
1.1154200 -0.1248470
1.1162780 -0.1257070
1.1171050 -0.1265350
1.1179030 -0.1273320
1.1186740 -0.1280990
1.1194160 -0.1288390
1.1201300 -0.1295520
1.1208160 -0.1302410
1.1214760 -0.1309070
1.1221110 -0.1315490
1.1227260 -0.1321650
1.1233190 -0.1327580
1.1238920 -0.1333270
1.1244470 -0.1338750
1.1249800 -0.1344030
1.1254920 -0.1349140
1.1259850 -0.1354060
1.1264590 -0.1358820
1.1269160 -0.1363400
1.1273570 -0.1367810
1.1277820 -0.1372060
1.1281920 -0.1376150
1.1285880 -0.1380090
1.1289670 -0.1383900
1.1293280 -0.1387610
1.1296760 -0.1391200
1.1300210 -0.1394580
1.1303490 -0.1397860
1.1306250 -0.1401330
1.1308590 -0.1404970
