NASA/AMES 63A108 MOD C AIRFOIL
1.0000000 0.0070000
0.9950000 0.0070000
0.9900000 0.0071000
0.9800000 0.0073000
0.9700000 0.0076000
0.9600000 0.0080000
0.9500000 0.0086000
0.9250000 0.0101000
0.9000000 0.0120000
0.8750000 0.0141000
0.8500000 0.0164000
0.8250000 0.0187000
0.8000000 0.0209000
0.7750000 0.0231000
0.7500000 0.0252000
0.7250000 0.0272000
0.7000000 0.0290600
0.6500000 0.0325800
0.6000000 0.0355900
0.5500000 0.0381000
0.5000000 0.0401500
0.4500000 0.0417600
0.4000000 0.0429300
0.3500000 0.0436200
0.3000000 0.0438500
0.2500000 0.0435100
0.2000000 0.0425500
0.1750000 0.0417300
0.1500000 0.0406200
0.1250000 0.0391100
0.1000000 0.0370900
0.0900000 0.0360800
0.0800000 0.0349300
0.0700000 0.0336000
0.0600000 0.0320600
0.0500000 0.0302400
0.0400000 0.0280700
0.0300000 0.0253900
0.0200000 0.0219200
0.0100000 0.0169500
0.0050000 0.0131500
0.0040000 0.0121200
0.0030000 0.0109100
0.0020000 0.0094300
0.0010000 0.0074100
0.0008000 0.0068700
0.0006000 0.0062600
0.0004000 0.0054900
0.0002000 0.0044500
0.0000000 0.0000000
0.0002000 -0.0027700
0.0004000 -0.0037900
0.0006000 -0.0044000
0.0008000 -0.0048900
0.0010000 -0.0053100
0.0020000 -0.0068600
0.0030000 -0.0079600
0.0040000 -0.0088500
0.0050000 -0.0095900
0.0100000 -0.0122800
0.0200000 -0.0156900
0.0300000 -0.0180800
0.0400000 -0.0199600
0.0500000 -0.0215200
0.0600000 -0.0228600
0.0700000 -0.0240300
0.0800000 -0.0250600
0.0900000 -0.0259800
0.1000000 -0.0268000
0.1250000 -0.0285200
0.1500000 -0.0298900
0.1750000 -0.0309700
0.2000000 -0.0318300
0.2500000 -0.0329700
0.3000000 -0.0335000
0.3500000 -0.0334000
0.4000000 -0.0326900
0.4500000 -0.0314000
0.5000000 -0.0295700
0.5500000 -0.0272800
0.6000000 -0.0245900
0.6500000 -0.0215700
0.7000000 -0.0183000
0.7250000 -0.0166100
0.7500000 -0.0149200
0.7750000 -0.0132700
0.8000000 -0.0116700
0.8250000 -0.0101800
0.8500000 -0.0087400
0.8750000 -0.0072900
0.9000000 -0.0058400
0.9250000 -0.0043800
0.9500000 -0.0029200
0.9600000 -0.0023400
0.9700000 -0.0017600
0.9800000 -0.0011700
0.9900000 -0.0005900
0.9950000 -0.0002900
1.0000000 0.0000000
