DS21 Joe Wurts
1.0000000 -0.0001700
0.9996570 -0.0001440
0.9991150 -0.0000660
0.9982280 0.0000610
0.9970040 0.0002360
0.9954480 0.0004590
0.9935650 0.0007280
0.9913610 0.0010440
0.9888390 0.0014050
0.9860040 0.0018090
0.9828620 0.0022570
0.9794160 0.0027460
0.9756690 0.0032750
0.9716270 0.0038410
0.9672930 0.0044450
0.9626710 0.0050840
0.9577650 0.0057590
0.9525790 0.0064660
0.9471160 0.0072060
0.9413810 0.0079770
0.9353800 0.0087780
0.9291150 0.0096080
0.9225930 0.0104640
0.9158180 0.0113480
0.9087940 0.0122570
0.9015280 0.0131880
0.8940230 0.0141410
0.8862850 0.0151150
0.8783190 0.0161060
0.8701300 0.0171130
0.8617210 0.0181350
0.8530970 0.0191700
0.8442630 0.0202170
0.8352210 0.0212710
0.8259690 0.0223320
0.8165010 0.0234100
0.8068280 0.0245260
0.7969750 0.0256920
0.7869760 0.0269060
0.7768520 0.0281420
0.7666040 0.0293760
0.7562220 0.0306010
0.7457050 0.0318210
0.7350620 0.0330350
0.7242990 0.0342420
0.7134220 0.0354370
0.7024310 0.0366200
0.6913370 0.0377910
0.6801460 0.0389490
0.6688620 0.0400900
0.6574920 0.0412140
0.6460450 0.0423220
0.6345250 0.0434090
0.6229390 0.0444770
0.6112940 0.0455230
0.5995980 0.0465480
0.5878600 0.0475520
0.5760880 0.0485290
0.5642880 0.0494790
0.5524670 0.0504010
0.5406320 0.0512910
0.5287900 0.0521470
0.5169470 0.0529690
0.5051110 0.0537550
0.4932870 0.0545030
0.4814820 0.0552110
0.4697030 0.0558770
0.4579550 0.0565010
0.4462460 0.0570820
0.4345810 0.0576170
0.4229650 0.0581050
0.4114060 0.0585460
0.3999090 0.0589380
0.3884800 0.0592800
0.3771250 0.0595720
0.3658480 0.0598120
0.3546570 0.0600000
0.3435560 0.0601360
0.3325510 0.0602200
0.3216480 0.0602490
0.3108520 0.0602270
0.3001690 0.0601510
0.2896040 0.0600210
0.2791630 0.0598360
0.2688510 0.0595990
0.2586740 0.0593080
0.2486370 0.0589620
0.2387460 0.0585620
0.2290040 0.0581080
0.2194170 0.0576000
0.2099910 0.0570350
0.2007290 0.0564170
0.1916360 0.0557410
0.1827130 0.0550110
0.1739660 0.0542270
0.1653990 0.0533890
0.1570130 0.0524960
0.1488130 0.0515520
0.1408030 0.0505570
0.1329860 0.0495120
0.1253640 0.0484170
0.1179420 0.0472750
0.1107210 0.0460880
0.1037060 0.0448570
0.0968990 0.0435840
0.0903030 0.0422720
0.0839230 0.0409200
0.0777610 0.0395320
0.0718190 0.0381060
0.0661000 0.0366470
0.0606050 0.0351560
0.0553370 0.0336330
0.0502970 0.0320830
0.0454870 0.0305060
0.0409070 0.0289050
0.0365590 0.0272840
0.0324450 0.0256460
0.0285650 0.0239930
0.0249220 0.0223300
0.0215170 0.0206600
0.0183530 0.0189860
0.0154300 0.0173120
0.0127500 0.0156410
0.0103150 0.0139780
0.0081270 0.0123250
0.0061890 0.0106890
0.0045070 0.0090750
0.0030880 0.0074820
0.0019360 0.0059110
0.0010540 0.0043600
0.0004390 0.0028300
0.0000910 0.0013240
0.0000080 -0.0001570
0.0001880 -0.0016040
0.0006310 -0.0030180
0.0013390 -0.0043840
0.0023170 -0.0056990
0.0035700 -0.0069590
0.0051080 -0.0081600
0.0069380 -0.0093050
0.0090670 -0.0103940
0.0115000 -0.0114340
0.0142400 -0.0124270
0.0172860 -0.0133830
0.0206360 -0.0143030
0.0242850 -0.0151910
0.0282280 -0.0160500
0.0324600 -0.0168780
0.0369790 -0.0176750
0.0417800 -0.0184400
0.0468600 -0.0191740
0.0522170 -0.0198750
0.0578470 -0.0205450
0.0637460 -0.0211830
0.0699090 -0.0217900
0.0763320 -0.0223640
0.0830110 -0.0229060
0.0899420 -0.0234140
0.0971220 -0.0238860
0.1045450 -0.0243250
0.1122090 -0.0247290
0.1201080 -0.0250990
0.1282370 -0.0254330
0.1365920 -0.0257300
0.1451700 -0.0259900
0.1539660 -0.0262120
0.1629770 -0.0263970
0.1721970 -0.0265460
0.1816220 -0.0266590
0.1912490 -0.0267370
0.2010700 -0.0267830
0.2110810 -0.0267940
0.2212760 -0.0267730
0.2316490 -0.0267220
0.2421930 -0.0266410
0.2529020 -0.0265310
0.2637700 -0.0263940
0.2747900 -0.0262280
0.2859550 -0.0260370
0.2972580 -0.0258200
0.3086920 -0.0255780
0.3202500 -0.0253110
0.3319250 -0.0250210
0.3437090 -0.0247070
0.3555960 -0.0243700
0.3675800 -0.0240110
0.3796510 -0.0236310
0.3918040 -0.0232310
0.4040320 -0.0228100
0.4163260 -0.0223710
0.4286800 -0.0219150
0.4410850 -0.0214420
0.4535340 -0.0209550
0.4660190 -0.0204520
0.4785310 -0.0199360
0.4910640 -0.0194080
0.5036080 -0.0188680
0.5161570 -0.0183170
0.5287000 -0.0177560
0.5412310 -0.0171840
0.5537410 -0.0166030
0.5662240 -0.0160130
0.5786710 -0.0154130
0.5910740 -0.0148040
0.6034270 -0.0141850
0.6157250 -0.0135610
0.6279570 -0.0129270
0.6401190 -0.0122860
0.6522060 -0.0116380
0.6642090 -0.0109850
0.6761230 -0.0103300
0.6879410 -0.0096700
0.6996600 -0.0090100
0.7112700 -0.0083540
0.7227640 -0.0077030
0.7341340 -0.0070550
0.7453750 -0.0064140
0.7564830 -0.0057800
0.7674530 -0.0051540
0.7782890 -0.0045390
0.7889940 -0.0039500
0.7995530 -0.0034190
0.8099280 -0.0029610
0.8200820 -0.0025610
0.8300020 -0.0021890
0.8396990 -0.0018350
0.8491760 -0.0014990
0.8584260 -0.0011910
0.8674370 -0.0009070
0.8762040 -0.0006470
0.8847250 -0.0004110
0.8929910 -0.0002000
0.9009930 -0.0000160
0.9087270 0.0001440
0.9161860 0.0002790
0.9233630 0.0003890
0.9302500 0.0004740
0.9368430 0.0005380
0.9431350 0.0005800
0.9491200 0.0006010
0.9547930 0.0006020
0.9601470 0.0005860
0.9651790 0.0005550
0.9698820 0.0005110
0.9742540 0.0004560
0.9782890 0.0003930
0.9819870 0.0003260
0.9853420 0.0002540
0.9883540 0.0001820
0.9910190 0.0001110
0.9933360 0.0000450
0.9953040 -0.0000160
0.9969210 -0.0000690
0.9981860 -0.0001120
0.9990960 -0.0001430
0.9996500 -0.0001630
1.0000000 -0.0001700
