W1011
1.0000000 0.0008330
0.9959030 0.0011350
0.9889700 0.0017690
0.9810240 0.0025400
0.9722520 0.0033800
0.9629540 0.0042750
0.9533350 0.0052000
0.9435270 0.0061200
0.9335900 0.0070250
0.9235600 0.0079130
0.9134600 0.0087910
0.9033050 0.0096610
0.8931110 0.0105280
0.8828910 0.0113970
0.8726590 0.0122670
0.8624220 0.0131390
0.8521870 0.0140120
0.8419540 0.0148850
0.8317220 0.0157600
0.8214920 0.0166360
0.8112630 0.0175140
0.8010330 0.0183940
0.7908010 0.0192760
0.7805690 0.0201610
0.7703380 0.0210470
0.7601080 0.0219350
0.7498830 0.0228240
0.7396620 0.0237160
0.7294430 0.0246110
0.7192270 0.0255090
0.7090080 0.0264120
0.6987850 0.0273180
0.6885570 0.0282260
0.6783250 0.0291370
0.6680930 0.0300480
0.6578650 0.0309600
0.6476430 0.0318690
0.6374300 0.0327740
0.6272270 0.0336730
0.6170310 0.0345660
0.6068430 0.0354510
0.5966590 0.0363280
0.5864790 0.0371960
0.5763030 0.0380540
0.5661310 0.0389010
0.5559630 0.0397380
0.5458010 0.0405620
0.5356430 0.0413740
0.5254910 0.0421720
0.5153430 0.0429550
0.5052010 0.0437230
0.4950630 0.0444740
0.4849300 0.0452090
0.4748010 0.0459260
0.4646760 0.0466250
0.4545570 0.0473050
0.4444440 0.0479640
0.4343370 0.0486020
0.4242360 0.0492170
0.4141420 0.0498090
0.4040550 0.0503770
0.3939760 0.0509180
0.3839050 0.0514330
0.3738420 0.0519190
0.3637880 0.0523760
0.3537420 0.0528020
0.3437060 0.0531960
0.3336810 0.0535560
0.3236660 0.0538810
0.3136630 0.0541690
0.3036730 0.0544180
0.2936970 0.0546260
0.2837370 0.0547920
0.2737940 0.0549130
0.2638700 0.0549870
0.2539660 0.0550120
0.2440850 0.0549840
0.2342300 0.0549000
0.2244030 0.0547590
0.2146060 0.0545560
0.2048440 0.0542870
0.1951200 0.0539490
0.1854380 0.0535380
0.1758030 0.0530500
0.1662200 0.0524790
0.1566970 0.0518200
0.1472400 0.0510690
0.1378600 0.0502200
0.1285700 0.0492670
0.1193840 0.0482040
0.1103200 0.0470260
0.1014000 0.0457270
0.0926540 0.0443010
0.0841190 0.0427480
0.0758370 0.0410680
0.0678680 0.0392640
0.0602800 0.0373490
0.0531380 0.0353450
0.0465140 0.0332750
0.0404680 0.0311730
0.0350200 0.0290750
0.0301690 0.0270080
0.0258910 0.0249970
0.0221390 0.0230600
0.0188530 0.0212040
0.0159860 0.0194270
0.0134890 0.0177260
0.0113120 0.0161010
0.0094110 0.0145460
0.0077470 0.0130570
0.0062930 0.0116280
0.0050200 0.0102530
0.0039080 0.0089270
0.0029410 0.0076440
0.0021100 0.0063990
0.0014150 0.0051830
0.0008530 0.0039860
0.0004290 0.0028050
0.0001520 0.0016530
0.0000170 0.0005440
0.0000170 -0.0005450
0.0001520 -0.0016540
0.0004290 -0.0028060
0.0008530 -0.0039870
0.0014150 -0.0051840
0.0021110 -0.0063990
0.0029410 -0.0076450
0.0039080 -0.0089280
0.0050210 -0.0102540
0.0062940 -0.0116290
0.0077480 -0.0130580
0.0094120 -0.0145460
0.0113140 -0.0161010
0.0134900 -0.0177260
0.0159870 -0.0194270
0.0188550 -0.0212040
0.0221410 -0.0230600
0.0258930 -0.0249960
0.0301710 -0.0270070
0.0350230 -0.0290740
0.0404710 -0.0311710
0.0465170 -0.0332730
0.0531410 -0.0353430
0.0602830 -0.0373460
0.0678710 -0.0392600
0.0758400 -0.0410630
0.0841220 -0.0427430
0.0926570 -0.0442950
0.1014030 -0.0457200
0.1103230 -0.0470190
0.1193870 -0.0481960
0.1285730 -0.0492590
0.1378640 -0.0502110
0.1472440 -0.0510590
0.1567000 -0.0518090
0.1662240 -0.0524670
0.1758070 -0.0530380
0.1854430 -0.0535250
0.1951240 -0.0539360
0.2048480 -0.0542730
0.2146100 -0.0545410
0.2244070 -0.0547430
0.2342340 -0.0548840
0.2440900 -0.0549670
0.2539700 -0.0549940
0.2638740 -0.0549690
0.2737980 -0.0548940
0.2837410 -0.0547720
0.2937010 -0.0546060
0.3036770 -0.0543960
0.3136670 -0.0541460
0.3236700 -0.0538580
0.3336850 -0.0535330
0.3437100 -0.0531720
0.3537460 -0.0527770
0.3637920 -0.0523510
0.3738460 -0.0518930
0.3839090 -0.0514060
0.3939800 -0.0508900
0.4040590 -0.0503480
0.4141460 -0.0497800
0.4242400 -0.0491870
0.4343400 -0.0485710
0.4444480 -0.0479320
0.4545610 -0.0472720
0.4646800 -0.0465920
0.4748040 -0.0458930
0.4849330 -0.0451750
0.4950660 -0.0444390
0.5052040 -0.0436860
0.5153470 -0.0429180
0.5254940 -0.0421340
0.5356460 -0.0413350
0.5458040 -0.0405230
0.5559660 -0.0396980
0.5661340 -0.0388610
0.5763060 -0.0380120
0.5864820 -0.0371530
0.5966620 -0.0362850
0.6068450 -0.0354080
0.6170340 -0.0345220
0.6272290 -0.0336280
0.6374330 -0.0327280
0.6476460 -0.0318220
0.6578670 -0.0309120
0.6680960 -0.0300000
0.6783280 -0.0290880
0.6885590 -0.0281760
0.6987870 -0.0272670
0.7090100 -0.0263610
0.7192290 -0.0254580
0.7294450 -0.0245580
0.7396630 -0.0236630
0.7498850 -0.0227700
0.7601100 -0.0218800
0.7703400 -0.0209910
0.7805710 -0.0201040
0.7908030 -0.0192190
0.8010340 -0.0183360
0.8112640 -0.0174550
0.8214940 -0.0165760
0.8317240 -0.0156990
0.8419550 -0.0148240
0.8521880 -0.0139500
0.8624230 -0.0130770
0.8726600 -0.0122040
0.8828920 -0.0113330
0.8931120 -0.0104640
0.9033060 -0.0095960
0.9134610 -0.0087250
0.9235610 -0.0078470
0.9335910 -0.0069570
0.9435270 -0.0060520
0.9533360 -0.0051310
0.9629550 -0.0042050
0.9722520 -0.0033090
0.9810240 -0.0024690
0.9889700 -0.0016970
0.9959030 -0.0010630
1.0000000 -0.0007600
